0.4041
0.4869
0.3905
0.4699
0.9207
0.3999
0.8090
0.8687
0.7128
0.5350
0.4247
0.7080
0.1267
0.2659
0.6666
0.5275
0.4746
0.1777
0.9470
0.9495
0.5461
0.2266
0.5811
0.1619
0.0236
0.6095
0.5370
0.0183
0.5413
0.4079
0.3652
0.3077
0.3826
0.6197
0.7017
0.9921
0.9626
0.6162
0.9048
0.4332
0.5168
0.6046
0.4160
0.6489
0.6032
0.5978
0.9832
0.6222
0.8691
0.2358
0.6236
0.7310
0.8085
0.2498
0.0089
0.6850
0.2001
0.1686
0.2865
0.8436
0.6960
0.1694
0.3497
0.2193
0.8584
0.6437
0.1073
0.5538
0.3636
0.9913
0.9013
0.1998
0.1942
0.7836
0.5840
0.3903
0.5784
0.1316
0.0654
0.6870
0.9238
0.4492
0.2255
0.9864
0.0148
0.6714
0.8786
0.6362
0.8798
0.6921
0.7368
0.7376
0.9818
0.1841
0.0105
0.7252
0.8611
0.5945
0.2188
0.9034
0.1330
0.4343
0.5411
0.7990
0.9006
0.3632
0.7455
0.1754
0.6010
0.2400
0.9363
0.8308
0.9163
0.4819
0.8136
0.9040
0.9853
0.2857
0.9003
0.0362
0.4510
0.0405
0.3650
0.4072
0.3800
0.2595
0.1844
0.5117
0.9923
0.5822
0.2304
0.4786
0.7805
0.6482
0.1097
0.6395
0.6152
0.9635
0.5675
0.8872
0.3529
0.2944
0.2497
0.4849
0.5900
0.6952
0.2999
0.5561
0.1804
0.5607
0.6651
0.0243
0.9328
0.3198
0.0719
0.9574
0.3255
0.9264
0.2763
0.1140
0.4867
0.2338
0.3188
0.3338
0.9974
0.3068
0.5808
0.1801
0.5812
0.6443
0.1218
0.6417
0.2125
0.7123
0.5736
0.3176
0.0009
0.3793
0.4384
0.0671
0.7947
0.7015
0.5238
0.7305
0.6045
0.5222
0.7702
0.4116
0.6796
0.0845
0.5233
0.3272
0.0334
0.2719
0.0647
0.3610
0.7086
0.1693
0.2153
0.5884
0.5560
0.1426
0.9681
0.6998
0.1642
0.4828
0.5587
0.5503
0.8413
0.0854
0.3249
0.4984
0.1830
0.8796
0.3158
0.0011
0.7465
0.5090
0.7304
0.2062
0.6602
0.9396
0.5919
0.8418
0.9445
0.5848
0.3790
0.2654
0.0085
0.3467
0.1887
0.2433
0.8680
0.7592
0.4932
0.4569
0.5046
0.5992
0.7985
0.5755
0.2410
0.4573
0.5771
0.6565
0.4726
0.3360
0.2342
0.7296
0.5796
0.7756
0.0248
0.1057
0.6599
0.1921
0.4163
0.2856
0.1091
0.7031
0.2618
0.3345
0.7532
0.0533
0.8769
0.2166
0.6927
0.3489
0.5893
0.2354
0.8838
0.4886
0.1794
0.8449
0.9663
0.5185
0.2807
0.9850
0.4103
0.7864
0.8108
0.9565
0.2044
0.8289
0.0458
0.1685
0.1274
0.3476
0.4112
0.0931
0.4938
0.4434
0.7790
0.0481
0.5999
0.6295
0.7647
0.3472
0.6505
0.3479
0.5622
0.8698
0.9141
0.9134
0.3182
0.9439
0.0345
0.9136
0.3115
0.1676
0.1534
0.2749
0.3901
0.7583
0.1974
0.1239
0.4533
0.5746
0.0136
0.6643
0.8767
0.0239
0.0499
0.8113
0.1264
0.2931
0.0258
0.8008
0.2967
0.1043
0.4628
0.0784
0.5060
0.6580
0.0894
0.4526
0.1113
0.2216
0.7787
0.4378
0.8966
0.6711
0.9589
0.0419
0.9518
0.7686
0.2332
0.6703
0.2465
0.4081
0.9723
0.3683
0.1420
0.3389
0.7421
0.4868
0.3867
0.6460
0.7117
0.9246
0.0791
0.7838
0.6123
0.7558
0.3942
0.3452
0.0550
0.3911
0.7193
0.5760
0.1872
0.3876
0.2287
0.2604
0.7849
0.6589
0.6156
0.6820
0.8189
0.4141
0.5408
0.6257
0.4494
0.4549
0.4282
0.9691
0.6170
0.3484
0.9131
0.8918
0.8003
0.0114
0.5791
0.8404
0.2619
0.6536
0.4566
0.3982
0.1201
0.7453
0.6211
0.5335
0.2308
0.4443
0.5311
0.5968
0.6252
0.9354
0.0122
0.6674
0.1117
0.3556
0.4785
0.2563
0.2446
0.5800
0.5322
0.9785
0.4874
0.5598
0.9702
0.9790
0.6862
0.8182
0.4078
0.2642
0.3628
0.3588
0.6690
0.1959
0.0225
0.5528
0.6206
0.4594
0.5107
0.0462
0.4861
0.5346
0.2899
0.9222
0.6964
0.2722
0.7170
0.4983
0.8951
0.5571
0.0452
0.2788
0.0728
0.1749
0.9553
0.1349
0.9969
0.2977
0.7202
0.2026
0.9678
0.0742
0.1457
0.9252
0.0181
0.7585
0.3114
0.0971
0.9135
0.9717
0.4570
0.5388
0.5650
0.6402
0.1772
0.0768
0.5579
0.9257
0.2927
0.8476
0.3734
0.8331
0.4513
0.3756
0.5401
0.0033
0.9461
0.7050
0.0582
0.1993
0.7301
0.2552
0.3926
0.6233
0.6582
0.1063
0.6551
0.4495
0.1287
0.1721
0.6000
0.8117
0.3914
0.1128
0.3711
0.2276
0.9662
0.1125
0.8257
0.9355
0.3654
0.9297
0.9451
0.7777
0.0691
0.9239
0.0050
0.1037
0.7684
0.2363
0.3112
0.3247
0.5221
0.9609
0.5237
0.3163
0.7843
0.0610
0.8408
0.1173
0.9152
0.2134
0.2198
0.6638
0.6396
0.6537
0.2220
0.1464
0.9103
0.0988
0.2929
0.0260
0.9951
0.6141
0.3218
0.6689
0.6459
0.4253
0.8099
0.8076
0.5914
0.3356
0.2052
0.8360
0.7619
0.7385
0.1067
0.8926
0.6647
0.5220
0.2851
0.3606
0.8811
0.6985
0.3791
0.7337
0.0439
0.9023
0.2553
0.1717
0.2048
0.3894
0.5801
0.7608
0.1596
0.5191
0.3157
0.0724
0.7042
0.5883
0.2069
0.3313
0.7004
0.6034
0.1679
0.0346
0.3996
0.3509
0.1594
0.6476
0.6667
0.8725
0.0997
0.6541
0.3792
0.5385
0.1484
0.2155
0.6812
0.1472
0.2744
0.3957
0.3376
0.7735
0.5206
0.1882
0.2724
0.6906
0.1962
0.2939
0.9783
0.3005
0.3270
0.8352
0.4794
0.4947
0.4554
0.1355
0.8919
0.2829
0.4342
0.9464
0.4195
0.9528
0.9125
0.0963
0.8604
0.0753
0.0496
0.5078
0.9106
0.1692
0.2017
0.7595
0.8743
0.4382
0.1897
0.8875
0.6797
0.0860
0.3318
0.4738
0.2282
0.7369
0.4923
0.9062
0.3190
0.1473
0.9989
0.2356
0.8606
0.9842
0.3615
0.9224
0.6867
0.2620
0.0092
0.0696
0.2236
0.0777
0.2139
0.8118
0.5196
0.6776
0.1107
0.4147
0.1010
0.0217
0.1725
0.8716
0.1531
0.1382
0.4636
0.2886
0.3500
0.5077
0.8925
0.6995
0.8943
0.0321
0.8987
0.4958
0.4102
0.6084
0.6114
0.7462
0.5585
0.2284
0.2077
0.7398
0.6289
0.2448
0.0731
0.0825
0.1834
0.2075
0.6001
0.6415
0.4714
0.3806
0.0761
0.5467
0.7547
0.5333
0.6611
0.5325
0.0401
0.3578
0.9854
0.9460
0.2455
0.7382
0.1060
0.5505
0.5442
0.5902
0.1550
0.8376
0.1790
0.3747
0.5809
0.5615
0.7738
0.0141
0.2527
0.0165
0.1492
0.4817
0.7249
0.6546
0.4503
0.8791
0.5915
0.5996
0.1098
0.4612
0.7290
0.6323
0.8073
0.0548
0.5112
0.0201
0.0430
0.6919
0.8846
0.7495
0.5001
0.8052
0.8068
0.9356
0.7909
0.0372
0.8712
0.2464
0.9247
0.2715
0.2475
0.8701
0.4372
0.1738
0.7749
0.4624
0.6153
0.1423
0.8301
0.3607
0.2684
0.1031
0.7284
0.5662
0.2495
0.4104
0.5839
0.9988
0.3873
0.0598
0.6875
0.2974
0.4423
0.2607
0.5170
0.1192
0.3549
0.0507
0.4961
0.9349
0.0704
0.9216
0.9767
0.9232
0.1659
0.3450
0.2102
0.4754
0.5669
0.4333
0.4515
0.6888
0.9468
0.0335
0.4830
0.2339
0.4484
0.2932
0.0153
0.4713
0.7498
0.1388
0.7850
0.9511
0.0975
0.1961
0.2811
0.3481
0.7881
0.4422
0.6149
0.2603
0.9595
0.8625
0.3236
0.8264
0.1051
0.7621
0.8735
0.1408
0.9146
0.7972
0.9895
0.7763
0.6456
0.3139
0.0879
0.5516
0.2415
0.2961
0.1217
0.2494
0.2481
0.1479
0.6181
0.0277
0.5631
0.7611
0.9174
0.7459
0.9315
0.6411
0.1467
0.2973
0.1753
0.9769
0.1836
0.5845
0.1950
0.3978
0.5583
0.9150
0.3801
0.3204
0.7108
0.9080
0.2043
0.3103
0.6164
0.3686
0.1821
0.7578
0.7251
0.3466
0.2611
0.2435
0.4125
0.7351
0.3603
0.9018
0.3344
0.5852
0.8574
0.9282
0.7733
0.9209
0.1211
0.5717
0.0195
0.7656
0.4107
0.5109
0.3677
0.7862
0.3363
0.0657
0.7835
0.3532
0.8314
0.0563
0.8548
0.2457
0.5088
0.8780
0.9063
0.3189
0.3121
0.4692
0.0254
0.6309
0.7866
0.4758
0.7989
0.3468
0.8247
0.9603
0.4679
0.6450
0.7696
0.4359
0.3165
0.3222
0.7418
0.9153
0.0518
0.9645
0.1980
0.4734
0.0757
0.0539
0.2181
0.6053
0.5022
0.7767
0.8440
0.2987
0.9694
0.0054
0.8906
0.7451
0.8377
0.7699
0.6917
0.3273
0.6615
0.2025
0.1448
0.5403
0.9280
0.5780
0.5877
0.6793
0.0347
0.9652
0.9395
0.4766
0.6394
0.5319
0.3880
0.4038
0.5175
0.8710
0.4456
0.5742
0.1380
0.5498
0.4329
0.0612
0.9725
0.3975
0.4596
0.8736
0.6789
0.8760
0.5011
0.6035
0.0881
0.4436
0.6177
0.7113
0.1814
0.6287
0.4813
0.1577
0.1188
0.7239
0.9827
0.3129
0.0469
0.5870
0.8730
0.4065
0.6054
0.1769
0.1592
0.6167
0.2965
0.1511
0.8168
0.3740
0.6645
0.4322
0.1416
0.9903
0.7474
0.9456
0.2275
0.8211
0.1295
0.6786
